.Random.seed <-
c(403L, 10L, 1575250619L, 1321481866L, -1952095892L, 1776252655L, 
104886565L, 1224888284L, -1544806990L, -1269797715L, -1623356313L, 
-283307122L, -1525222296L, -80072597L, -915228151L, 534250648L, 
760764358L, -1757238495L, 263923635L, 2146373410L, 1510482196L, 
-1620684393L, -426258035L, -522856284L, -955370870L, 1244391669L, 
1333714767L, 1038895190L, 2079486720L, -318577085L, -459964959L, 
95586640L, 1299775406L, -1245448871L, -758770837L, -1487072550L, 
685638556L, -337510497L, 1600030197L, 381823116L, 1728358754L, 
250406205L, -1073551945L, 1966748254L, 158372760L, -353223941L, 
175403673L, -130335960L, -2091505194L, 1207555665L, 1031460099L, 
209438866L, 1279688228L, -1611259673L, -982026947L, 130191796L, 
-1708937702L, 2024983909L, 1402303487L, -853912954L, -865693168L, 
602826931L, -947641519L, 1737477888L, -992584226L, -324868567L, 
82333147L, 1151554282L, 332890252L, -1388892209L, 304752517L, 
-866171844L, 991896850L, 1064284685L, 1796802887L, 2080168750L, 
-436980088L, -628850805L, -685969559L, 584032568L, -1004692506L, 
-1994159231L, 333816595L, -432878398L, 1523378036L, 693734263L, 
-1781789587L, 1375642372L, 2126723626L, -1428400235L, -1714004945L, 
-516786890L, -892912288L, 1027505059L, -1356292927L, 1630739632L, 
828586958L, 1996922681L, -1146618037L, -880210694L, 1597216252L, 
-290027969L, 26245909L, 250402860L, 1981204738L, -503045667L, 
2113634519L, -797586498L, -388416008L, 121170395L, 541943865L, 
-1579921016L, 571112758L, -2099443855L, -384731741L, 540387570L, 
1237324868L, -1766568185L, 515407581L, -624377900L, 821669626L, 
-812780987L, 1446535839L, 1405849638L, 1050178736L, 1054479699L, 
-155430799L, -1702023776L, 1428758846L, 1486803017L, -1082157829L, 
-769639222L, 1737769516L, 281196079L, -890505499L, 1155808156L, 
-2070950414L, 1163466861L, 2004349351L, 324797390L, -672159448L, 
-1424368853L, -1196590775L, -447517096L, 2064277254L, 1176308449L, 
255360627L, -2108414238L, -1032414636L, -1680350377L, 1940309837L, 
175987428L, -1483595062L, -1306969291L, 1433596303L, 1487308438L, 
-1709169088L, -153739517L, 2041943841L, -915324912L, -980936722L, 
1432311705L, 715059243L, 1418036506L, -1619556388L, 1937033695L, 
-2088350283L, -1600857268L, -633538142L, 1405532413L, 1392633335L, 
-754785506L, -1589649960L, 183826235L, 1025761497L, -1574048664L, 
682594710L, -234499823L, 1040155331L, -1526662446L, -284062876L, 
405487271L, -2009290755L, -1391238668L, 92376794L, 1405595685L, 
1328823615L, 671568582L, -2109833392L, -1233395853L, -109600367L, 
-2065665088L, 888526238L, 759785321L, 1582719899L, 1462946474L, 
447177932L, -1322263153L, -1455523387L, -249299588L, -1524005422L, 
31506765L, -1880996857L, 1235153902L, 54057672L, 1279759819L, 
-1996353495L, -1028180360L, 33280934L, 189281729L, -1225600429L, 
729258242L, -1434070988L, -1135859273L, -167068243L, 291755716L, 
-2104657174L, -77333163L, -1667157265L, 28152054L, 264712224L, 
-2025401885L, 1981166209L, -1221452560L, 1712444302L, 577907961L, 
-90614133L, 576038586L, -1846826564L, 97681554L, -1882582656L, 
-512259052L, -1632073944L, 272477754L, -701120048L, -700083860L, 
211013556L, -1403263470L, 821400544L, -1314425396L, 1970054368L, 
-335718366L, -1693450456L, 1665910284L, 1536629564L, 880729074L, 
-1048775952L, 1029423684L, 577173080L, -64938182L, 38058992L, 
-629551428L, -1103434476L, 779489474L, -759061408L, 629059964L, 
723410896L, -733632222L, -630096216L, 133464972L, 2082759868L, 
-2018638030L, 1072460352L, 159042740L, 1817158728L, 1878827450L, 
-566981104L, 1121478892L, -556965548L, -497017070L, -426732128L, 
527051468L, 1004086880L, 182493122L, 1436105512L, -874752596L, 
-2059355844L, 671377266L, -2105091792L, 103108388L, 219524408L, 
-15848742L, -2109888624L, -785452292L, -974426220L, 378738754L, 
1363885312L, -1261538244L, -470133424L, -608073566L, -402753720L, 
-1759162612L, 298248924L, 673389394L, -1788239232L, 1918568532L, 
2104169448L, 1123821306L, 1336299856L, 1166043948L, -1397764236L, 
1241361298L, -758882720L, -619642996L, 1206051680L, -2018476062L, 
-1781080152L, -568974132L, 594284028L, 931799986L, 675893744L, 
1420997060L, -334274216L, -1887599238L, -1514020432L, 1095446460L, 
1836253268L, -1550236734L, 768760864L, -31662916L, -1000422832L, 
-1411676190L, -1844760984L, 806959692L, -1941511940L, -1907666958L, 
918181120L, 1757777780L, 508170248L, 620039610L, -1743682096L, 
1141636076L, 1961447316L, 940368850L, 1935406944L, -115176116L, 
-2130051808L, 1928307586L, 1152140008L, 541664492L, 1317843516L, 
-1976233102L, -585962896L, 1439776804L, 1614122808L, 1645425818L, 
1375148752L, 149784764L, 48199316L, 47615618L, -1683051328L, 
797557052L, -1591682928L, -1424395742L, 29896200L, 686057740L, 
-207013220L, -1322797550L, 308954496L, 265930260L, -1278493144L, 
-931695302L, -1878366256L, -871521684L, -1007825100L, 366004882L, 
-1284134560L, -1616586420L, 1536393184L, -1796282462L, 1014558632L, 
769069964L, -2018052420L, 487660402L, 1360754928L, -1812025276L, 
484650328L, 1947493434L, -861594768L, -1605391300L, 817001236L, 
2072191426L, -1372946208L, -619296900L, 862537424L, 110253730L, 
156593192L, -871304948L, -698631236L, 1929862450L, -142616640L, 
-192331212L, -628802616L, -515808070L, 1715261328L, -2050490900L, 
-1790549932L, 1157746322L, 1102164768L, -234891828L, -1581302816L, 
343468738L, 1017129512L, 1797916332L, 1525639868L, 100006386L, 
1608476976L, -329294684L, -783688L, -2127613094L, 1677350288L, 
496091516L, -502385388L, 660074818L, -993658112L, -318006340L, 
13050704L, -1859036894L, 1237450056L, 259852300L, -919994276L, 
1600859346L, -464369664L, 1758640980L, 745646568L, -821092358L, 
366239440L, -1986300628L, -1972530956L, -856918126L, -1912300448L, 
327003404L, -1825112352L, -222880414L, 357364392L, 1209264716L, 
-1584281732L, -677283022L, -1434016144L, -1856729788L, 9575384L, 
-2112839558L, -500189648L, -447409476L, 797353812L, -1141779902L, 
-1350790240L, 1966829756L, 363710928L, 198767970L, 1755659240L, 
1717108684L, -1520216324L, -833200142L, -1377588096L, -252348172L, 
-78901531L, -1662178577L, 2007041576L, -1502694778L, -1866085197L, 
-991391211L, 588199026L, 1834250432L, 74605865L, 1273510811L, 
1751575660L, 886935674L, 1037638063L, -73461575L, -444054834L, 
552378396L, -2000481395L, -479277577L, -796548864L, 772222814L, 
1582282795L, 360822573L, 339671962L, -1001416360L, -868262719L, 
-1739945101L, -1919047532L, 832277794L, 1453272119L, -1280596735L, 
-470923258L, 1866595908L, 1385498485L, 706271967L, -1167563208L, 
1222604310L, -1007605213L, -1437792795L, -424322046L, -922763664L, 
6106137L, -2081403381L, -218100484L, 1666556202L, -2124859553L, 
467105513L, 784135678L, -33994260L, -216771L, -1866391289L, -1671532304L, 
2110590094L, 425928379L, -370018659L, 199348810L, -60419992L, 
-1974411183L, 771953475L, 1756345924L, -2129623822L, 915939527L, 
-1139625327L, 1716685846L, 1265686132L, -1870614267L, -712241329L, 
-455276216L, 1533400294L, -1693742573L, 323521909L, -200150702L, 
-1730340448L, -1152921463L, -1936787269L, 1896084236L, 1438962330L, 
899774479L, -1665065895L, 1207087342L, 2090595196L, -1635655699L, 
38672535L, -2108882080L, -92560578L, 1348332555L, -21803891L, 
-492941894L, 390292472L, 1273659297L, 520329555L, 962631796L, 
-1938101758L, 830555287L, -1633950111L, -617599322L, -231057756L, 
37454677L, 989601791L, -2133508456L, 1463157686L, -991442877L, 
-1621573243L, -814071262L, 228256016L, -1500424007L, 1560083819L, 
1316660316L, -1994143350L, -2000298625L, 1909788873L, -1271732898L, 
489510412L, 1180142045L, -376514329L, -823862000L, 873182254L, 
-1561269541L, 892550077L, -640977622L, 1989503432L, -644811023L, 
-1168287645L, -1091871644L, -1342369902L, 1887667303L, 1117441073L, 
-1325804170L, -1886637420L, 993579173L, 67683759L, -79462808L, 
-2100361658L, 669811699L, -459365547L, 2024017202L, -1681096448L, 
-1660929559L, -97014693L, 1341212332L, 1909977274L, 1852705391L, 
25565177L, -1530505586L, -1416276132L, -1917277235L, 843696951L, 
986976704L, 191243934L, -1879724181L, -2023115027L, 1007936346L, 
